
Cat_Name	Cat_Description	Cost_Factor	
RES		1	
COM		1	
PUB		1	
IND		1	
AUTOS		1	
Occ_Name	Occ_Description	Cat_Name	Parameter	Start_Data	
AUTO	Automobiles	AUTOS	Stage	-8	-7	-6	-5	-4	-3	-2	-1	-0.5	0	0.5	1	1.5	2	3	4	5	6	7	8	9	10	11	12	13	14	15	
AUTO			S 	0	0	0	0	0	0	0	0	0	0	2.8	21.8	31.15	40.5	56.9	71.1	83.2	91.9	96.1	99.2	100	100	100	100	100	100	100	
AUTO			SN	0	0	0	0	0	0	0	0	0	0	9	7.4	6.6	5.8	4.5	3.6	4.5	6.5	6.9	7.3	7.6	7.6	7.6	7.6	7.6	7.6	7.6	
AUTO			Stage	-8	-7	-6	-5	-4	-3	-2	-1	-0.5	0	0.5	1	1.5	2	3	4	5	6	7	8	9	10	11	12	13	14	15	
AUTO			C 	0	0	0	0	0	0	0	0	0	0	0	0	0	0	0	0	0	0	0	0	0	0	0	0	0	0	0	
AUTO			CN	0	0	0	0	0	0	0	0	0	0	0	0	0	0	0	0	0	0	0	0	0	0	0	0	0	0	0	
AUTO			Struct	N		1.2		N		15		N	62	12		 	-901			
C-AUTO1	Commercial Auto Sales 1-story	COM	Stage	-8	-7	-6	-5	-4	-3	-2	-1	-0.5	0	0.5	1	1.5	2	3	4	5	6	7	8	9	10	11	12	13	14	15	
C-AUTO1			S 	0	0	0	0	0	0	0	0	3.5	7	14.37	21.73	25.96	30.19	31.22	32.44	32.44	39.82	42.76	51.72	53.1	54.09	61.78	64.77	64.77	65.49	86.06	
C-AUTO1			SN	0	0	0	0	0	0	0	0	5	5	10	10	10	10	10	10	10	10	10	10	10	10	10	10	10	10	10	
C-AUTO1			Stage	-8	-7	-6	-5	-4	-3	-2	-1	-0.5	0	0.5	1	1.5	2	3	4	5	6	7	8	9	10	11	12	13	14	15	
C-AUTO1			C 	0	0	0	0	0	0	0	0	0	0	18.1	34.88	59.22	78.44	90.43	100	100	100	100	100	100	100	100	100	100	100	100	
C-AUTO1			CTL	0	0	0	0	0	0	0	0	0	0	10	23.94	38.94	54.63	77.12	97.88	100	100	100	100	100	100	100	100	100	100	100	
C-AUTO1			CTU	0	0	0	0	0	0	0	0	0	0	25.79	44.33	63.54	86.52	100	100	100	100	100	100	100	100	100	100	100	100	100	
C-AUTO1			Struct	N		0.9		N		7.7		N	62	12		 	-901			
C-AUTO2	Commercial Auto Sales 2-story	COM	Stage	-8	-7	-6	-5	-4	-3	-2	-1	-0.5	0	0.5	1	1.5	2	3	4	5	6	7	8	9	10	11	12	13	14	15	
C-AUTO2			S 	0	0	0	0	0	0	0	0	2.5	5	10.13	15.26	17.07	18.88	21.48	22.8	22.8	24.05	26.1	40.4	43.25	46.2	46.2	49.05	49.05	55.16	80.05	
C-AUTO2			SN	0	0	0	0	0	0	0	0	5	5	5	5	5	10	10	10	10	10	10	10	10	10	10	10	10	10	10	
C-AUTO2			Stage	-8	-7	-6	-5	-4	-3	-2	-1	-0.5	0	0.5	1	1.5	2	3	4	5	6	7	8	9	10	11	12	13	14	15	
C-AUTO2			C 	0	0	0	0	0	0	0	0	0	0	15.51	29.3	40.72	49.82	49.82	50	50	50	50	50	50	50	59.56	72.33	96.33	100	100	
C-AUTO2			CTL	0	0	0	0	0	0	0	0	0	0	0	17.69	19.48	41.74	48.93	49.27	49.79	49.79	49.79	49.79	49.79	49.79	49.79	66.11	79.86	89.93	100	
C-AUTO2			CTU	0	0	0	0	0	0	0	0	0	0	32.11	40.42	46.11	50	53.79	53.79	57.16	59.47	59.47	65.68	65.68	75.16	80.32	88.53	100	100	100	
C-AUTO2			Struct	N		0.9		N		12		N	62	12		 	-901			
C-BANK1	Commercial BANK 1-story	COM	Stage	-8	-7	-6	-5	-4	-3	-2	-1	-0.5	0	0.5	1	1.5	2	3	4	5	6	7	8	9	10	11	12	13	14	15	
C-BANK1			S 	0	0	0	0	0	0	0	0	3.5	7	14.37	21.73	25.96	30.19	31.22	32.44	32.44	39.82	42.76	51.72	53.1	54.09	61.78	64.77	64.77	65.49	86.06	
C-BANK1			SN	0	0	0	0	0	0	0	0	5	5	10	10	10	10	10	10	10	10	10	10	10	10	10	10	10	10	10	
C-BANK1			Stage	-8	-7	-6	-5	-4	-3	-2	-1	-0.5	0	0.5	1	1.5	2	3	4	5	6	7	8	9	10	11	12	13	14	15	
C-BANK1			C 	0	0	0	0	0	0	0	0	0	0	18.1	34.88	59.22	78.44	90.43	100	100	100	100	100	100	100	100	100	100	100	100	
C-BANK1			CTL	0	0	0	0	0	0	0	0	0	0	10	23.94	38.94	54.63	77.12	97.88	100	100	100	100	100	100	100	100	100	100	100	
C-BANK1			CTU	0	0	0	0	0	0	0	0	0	0	25.79	44.33	63.54	86.52	100	100	100	100	100	100	100	100	100	100	100	100	100	
C-BANK1			Struct	N		0.9		N		15.4		N	34	27		 	-901			
C-DEAL1	Full Service Auto Dealership 1-story	COM	Stage	-8	-7	-6	-5	-4	-3	-2	-1	-0.5	0	0.5	1	1.5	2	3	4	5	6	7	8	9	10	11	12	13	14	15	
C-DEAL1			S 	0	0	0	0	0	0	0	0	3.5	7	14.37	21.73	25.96	30.19	31.22	32.44	32.44	39.82	42.76	51.72	53.1	54.09	61.78	64.77	64.77	65.49	86.06	
C-DEAL1			SN	0	0	0	0	0	0	0	0	5	5	10	10	10	10	10	10	10	10	10	10	10	10	10	10	10	10	10	
C-DEAL1			Stage	-8	-7	-6	-5	-4	-3	-2	-1	-0.5	0	0.5	1	1.5	2	3	4	5	6	7	8	9	10	11	12	13	14	15	
C-DEAL1			C 	0	0	0	0	0	0	0	5.26	5.26	5.75	16.23	25.33	41.17	52.09	71.95	96.22	98.96	100	100	100	100	100	100	100	100	100	100	
C-DEAL1			CTL	0	0	0	0	0	0	0	0	0	0	8.05	17.1	22.67	35.2	52.31	66.4	80.38	91.34	99.21	99.21	99.21	100	100	100	100	100	100	
C-DEAL1			CTU	0	0	0	0	0	0	0	6.92	9.63	12.27	25.62	41.03	65	83.18	93.66	98.16	100	100	100	100	100	100	100	100	100	100	100	
C-DEAL1			Struct	N		0.9		N		15.6		N	69	22		 	-901			
C-DEAL2	Full Service Auto Dealership 2-story	COM	Stage	-8	-7	-6	-5	-4	-3	-2	-1	-0.5	0	0.5	1	1.5	2	3	4	5	6	7	8	9	10	11	12	13	14	15	
C-DEAL2			S 	0	0	0	0	0	0	0	0	2.5	5	10.13	15.26	17.07	18.88	21.48	22.8	22.8	24.05	26.1	40.4	43.25	46.2	46.2	49.05	49.05	55.16	80.05	
C-DEAL2			SN	0	0	0	0	0	0	0	0	5	5	5	5	5	10	10	10	10	10	10	10	10	10	10	10	10	10	10	
C-DEAL2			Stage	-8	-7	-6	-5	-4	-3	-2	-1	-0.5	0	0.5	1	1.5	2	3	4	5	6	7	8	9	10	11	12	13	14	15	
C-DEAL2			C 	0	0	0	0	0	0	0	4.42	4.42	4.83	13.63	21.28	28.31	33.08	39.64	48.11	49.48	50	50	50	50	50	59.56	72.33	96.33	100	100	
C-DEAL2			CTL	0	0	0	0	0	0	0	0	0	0	6.76	14.36	15.59	22.36	28.82	33.2	40.19	45.67	49.61	49.61	49.61	49.79	49.79	66.11	79.86	89.93	100	
C-DEAL2			CTU	0	0	0	0	0	0	0	5.81	8.09	10.31	21.52	34.47	44.69	52.83	53.79	53.79	57.16	59.47	59.47	65.68	65.68	75.16	80.32	88.53	100	100	100	
C-DEAL2			Struct	N		0.9		N		12		N	69	22		 	-901			
C-FOOD1	Commercial Food-Retail 1-story	COM	Stage	-8	-7	-6	-5	-4	-3	-2	-1	-0.5	0	0.5	1	1.5	2	3	4	5	6	7	8	9	10	11	12	13	14	15	
C-FOOD1			S 	0	0	0	0	0	0	0	0	3.5	7	14.37	21.73	25.96	30.19	31.22	32.44	32.44	39.82	42.76	51.72	53.1	54.09	61.78	64.77	64.77	65.49	86.06	
C-FOOD1			SN	0	0	0	0	0	0	0	0	5	5	10	10	10	10	10	10	10	10	10	10	10	10	10	10	10	10	10	
C-FOOD1			Stage	-8	-7	-6	-5	-4	-3	-2	-1	-0.5	0	0.5	1	1.5	2	3	4	5	6	7	8	9	10	11	12	13	14	15	
C-FOOD1			C 	0	0	0	0	0	0	0	0	0	0	15.79	29.33	43.12	72.16	96.24	100	100	100	100	100	100	100	100	100	100	100	100	
C-FOOD1			CTL	0	0	0	0	0	0	0	0	0	0	3.8	9.83	20	51.19	79.29	94.13	100	100	100	100	100	100	100	100	100	100	100	
C-FOOD1			CTU	0	0	0	0	0	0	0	0	1.16	1.16	52.47	56.67	70.62	100	100	100	100	100	100	100	100	100	100	100	100	100	100	
C-FOOD1			Struct	N		0.9		N		11.5		N	42	16		 	-901			
C-FOOD2	Commercial Food-Retail 2-story	COM	Stage	-8	-7	-6	-5	-4	-3	-2	-1	-0.5	0	0.5	1	1.5	2	3	4	5	6	7	8	9	10	11	12	13	14	15	
C-FOOD2			S 	0	0	0	0	0	0	0	0	2.5	5	10.13	15.26	17.07	18.88	21.48	22.8	22.8	24.05	26.1	40.4	43.25	46.2	46.2	49.05	49.05	55.16	80.05	
C-FOOD2			SN	0	0	0	0	0	0	0	0	5	5	5	5	5	10	10	10	10	10	10	10	10	10	10	10	10	10	10	
C-FOOD2			Stage	-8	-7	-6	-5	-4	-3	-2	-1	-0.5	0	0.5	1	1.5	2	3	4	5	6	7	8	9	10	11	12	13	14	15	
C-FOOD2			C 	0	0	0	0	0	0	0	0	0	0	13.26	24.63	29.65	45.83	49.82	50	50	50	50	50	50	50	59.56	72.33	96.33	100	100	
C-FOOD2			CTL	0	0	0	0	0	0	0	0	0	0	3.19	8.26	13.76	32.51	48.93	49.27	49.79	49.79	49.79	49.79	49.79	49.79	49.79	66.11	79.86	89.93	100	
C-FOOD2			CTU	0	0	0	0	0	0	0	0	1.16	1.16	44.07	47.6	48.56	50	53.79	53.79	57.16	59.47	59.47	65.68	65.68	75.16	80.32	88.53	100	100	100	
C-FOOD2			Struct	N		0.9		N		11		N	43	14		 	-901			
C-FURN1	Furniture Store 1-story	COM	Stage	-8	-7	-6	-5	-4	-3	-2	-1	-0.5	0	0.5	1	1.5	2	3	4	5	6	7	8	9	10	11	12	13	14	15	
C-FURN1			S 	0	0	0	0	0	0	0	0	3.5	7	14.37	21.73	25.96	30.19	31.22	32.44	32.44	39.82	42.76	51.72	53.1	54.09	61.78	64.77	64.77	65.49	86.06	
C-FURN1			SN	0	0	0	0	0	0	0	0	5	5	10	10	10	10	10	10	10	10	10	10	10	10	10	10	10	10	10	
C-FURN1			Stage	-8	-7	-6	-5	-4	-3	-2	-1	-0.5	0	0.5	1	1.5	2	3	4	5	6	7	8	9	10	11	12	13	14	15	
C-FURN1			C 	0	0	0	0	0	0	0	0	0	0	69.29	80.39	86.79	94.99	96.47	100	100	100	100	100	100	100	100	100	100	100	100	
C-FURN1			CTL	0	0	0	0	0	0	0	0	0	0	59.52	71.25	74.39	77.92	82.95	100	100	100	100	100	100	100	100	100	100	100	100	
C-FURN1			CTU	0	0	0	0	0	0	0	0	0	0	76.88	90.71	99.51	100	100	100	100	100	100	100	100	100	100	100	100	100	100	
C-FURN1			Struct	N		0.9		N		13.2		N	55	26		 	-901			
C-FURN2	Furniture Store 2-story	COM	Stage	-8	-7	-6	-5	-4	-3	-2	-1	-0.5	0	0.5	1	1.5	2	3	4	5	6	7	8	9	10	11	12	13	14	15	
C-FURN2			S 	0	0	0	0	0	0	0	0	2.5	5	10.13	15.26	17.07	18.88	21.48	22.8	22.8	24.05	26.1	40.4	43.25	46.2	46.2	49.05	49.05	55.16	80.05	
C-FURN2			SN	0	0	0	0	0	0	0	0	5	5	5	5	5	10	10	10	10	10	10	10	10	10	10	10	10	10	10	
C-FURN2			Stage	-8	-7	-6	-5	-4	-3	-2	-1	-0.5	0	0.5	1	1.5	2	3	4	5	6	7	8	9	10	11	12	13	14	15	
C-FURN2			C 	0	0	0	0	0	0	0	0	0	0	35.79	41.51	44.82	49.06	49.82	50	50	50	50	50	50	50	59.56	72.33	96.33	100	100	
C-FURN2			CTL	0	0	0	0	0	0	0	0	0	0	30.74	36.79	38.42	40.24	48.93	49.27	49.79	49.79	49.79	49.79	49.79	49.79	49.79	66.11	79.86	89.93	100	
C-FURN2			CTU	0	0	0	0	0	0	0	0	0	0	39.7	46.85	51.39	51.64	53.79	53.79	57.16	59.47	59.47	65.68	65.68	75.16	80.32	88.53	100	100	100	
C-FURN2			Struct	N		0.9		N		12		 	36			 	-901			
C-GROC1	Commercial Grocery Store 1-story	COM	Stage	-8	-7	-6	-5	-4	-3	-2	-1	-0.5	0	0.5	1	1.5	2	3	4	5	6	7	8	9	10	11	12	13	14	15	
C-GROC1			S 	0	0	0	0	0	0	0	0	3.5	7	14.37	21.73	25.96	30.19	31.22	32.44	32.44	39.82	42.76	51.72	53.1	54.09	61.78	64.77	64.77	65.49	86.06	
C-GROC1			SN	0	0	0	0	0	0	0	0	5	5	10	10	10	10	10	10	10	10	10	10	10	10	10	10	10	10	10	
C-GROC1			Stage	-8	-7	-6	-5	-4	-3	-2	-1	-0.5	0	0.5	1	1.5	2	3	4	5	6	7	8	9	10	11	12	13	14	15	
C-GROC1			C 	0	0	0	0	0	0	0	0	0	0	17.56	31.98	47.64	69.82	88.59	100	100	100	100	100	100	100	100	100	100	100	100	
C-GROC1			CTL	0	0	0	0	0	0	0	0	0	0	12.18	20.09	30.24	44.58	57.06	67.22	77.06	100	100	100	100	100	100	100	100	100	100	
C-GROC1			CTU	0	0	0	0	0	0	0	0	2.14	2.14	30.16	49.8	69.91	90.21	100	100	100	100	100	100	100	100	100	100	100	100	100	
C-GROC1			Struct	N		0.9		N		9.4		N	106	16		 	-901			
C-GROC2	Commercial Grocery Store 2-story	COM	Stage	-8	-7	-6	-5	-4	-3	-2	-1	-0.5	0	0.5	1	1.5	2	3	4	5	6	7	8	9	10	11	12	13	14	15	
C-GROC2			S 	0	0	0	0	0	0	0	0	2.5	5	10.13	15.26	17.07	18.88	21.48	22.8	22.8	24.05	26.1	40.4	43.25	46.2	46.2	49.05	49.05	55.16	80.05	
C-GROC2			SN	0	0	0	0	0	0	0	0	5	5	5	5	5	10	10	10	10	10	10	10	10	10	10	10	10	10	10	
C-GROC2			Stage	-8	-7	-6	-5	-4	-3	-2	-1	-0.5	0	0.5	1	1.5	2	3	4	5	6	7	8	9	10	11	12	13	14	15	
C-GROC2			C 	0	0	0	0	0	0	0	0	0	0	14.75	26.86	32.76	44.35	48.81	50	50	50	50	50	50	50	59.56	72.33	96.33	100	100	
C-GROC2			CTL	0	0	0	0	0	0	0	0	0	0	10.23	16.87	20.8	28.31	31.44	33.61	38.53	49.79	49.79	49.79	49.79	49.79	49.79	66.11	79.86	89.93	100	
C-GROC2			CTU	0	0	0	0	0	0	0	0	2.14	2.14	25.34	41.83	48.07	50	53.79	53.79	57.16	59.47	59.47	65.68	65.68	75.16	80.32	88.53	100	100	100	
C-GROC2			Struct	N		0.9		N		12		N	106	16		 	-901			
C-HOTEL1	Hotel 1-story	COM	Stage	-8	-7	-6	-5	-4	-3	-2	-1	-0.5	0	0.5	1	1.5	2	3	4	5	6	7	8	9	10	11	12	13	14	15	
C-HOTEL1			S 	0	0	0	0	0	0	0	0	3.5	7	14.37	21.73	25.96	30.19	31.22	32.44	32.44	39.82	42.76	51.72	53.1	54.09	61.78	64.77	64.77	65.49	86.06	
C-HOTEL1			SN	0	0	0	0	0	0	0	0	5	5	10	10	10	10	10	10	10	10	10	10	10	10	10	10	10	10	10	
C-HOTEL1			Stage	-8	-7	-6	-6	-4	-3	-2	-1	-0.5	0	0.5	1	1.5	2	3	4	5	6	7	8	9	10	11	12	13	14	15	
C-HOTEL1			C 	0	0	0	0	0	0	0	0	0	0	12	23.34	38.58	59.38	90.24	100	100	100	100	100	100	100	100	100	100	100	100	
C-HOTEL1			CTL	0	0	0	0	0	0	0	0	0	0	7.03	15.15	29.88	48.94	59.97	85.09	100	100	100	100	100	100	100	100	100	100	100	
C-HOTEL1			CTU	0	0	0	0	0	0	0	0	0	1.58	21.82	46.35	83.39	100	100	100	100	100	100	100	100	100	100	100	100	100	100	
C-HOTEL1			Struct	N		0.9		N		12		N	69	19		 	-901			
C-HOTEL2	Hotel 2-story	COM	Stage	-8	-7	-6	-5	-4	-3	-2	-1	-0.5	0	0.5	1	1.5	2	3	4	5	6	7	8	9	10	11	12	13	14	15	
C-HOTEL2			S 	0	0	0	0	0	0	0	0	2.5	5	10.13	15.26	17.07	18.88	21.48	22.8	22.8	24.05	26.1	40.4	43.25	46.2	46.2	49.05	49.05	55.16	80.05	
C-HOTEL2			SN	0	0	0	0	0	0	0	0	5	5	5	5	5	10	10	10	10	10	10	10	10	10	10	10	10	10	10	
C-HOTEL2			Stage	-8	-7	-6	-5	-4	-3	-2	-1	-0.5	0	0.5	1	1.5	2	3	4	5	6	7	8	9	10	11	12	13	14	15	
C-HOTEL2			C 	0	0	0	0	0	0	0	0	0	0	12.62	24.83	36.15	49.07	49.82	50	50	50	50	50	50	50	59.56	72.33	96.33	100	100	
C-HOTEL2			CTL	0	0	0	0	0	0	0	0	0	0	6.58	13.64	22.61	28.71	48.93	49.27	49.79	49.79	49.79	49.79	49.79	49.79	49.79	66.11	79.86	89.93	100	
C-HOTEL2			CTU	0	0	0	0	0	0	0	0	0	1.86	20.22	41.91	46.11	50	53.79	53.79	57.16	59.47	59.47	65.68	65.68	75.16	80.32	88.53	100	100	100	
C-HOTEL2			Struct	N		0.9		N		9.4		N	69	19		 	-901			
C-MED1	Commercial Medical 1-story	COM	Stage	-8	-7	-6	-5	-4	-3	-2	-1	-0.5	0	0.5	1	1.5	2	3	4	5	6	7	8	9	10	11	12	13	14	15	
C-MED1			S 	0	0	0	0	0	0	0	0	3.5	7	14.37	21.73	25.96	30.19	31.22	32.44	32.44	39.82	42.76	51.72	53.1	54.09	61.78	64.77	64.77	65.49	86.06	
C-MED1			SN	0	0	0	0	0	0	0	0	5	5	10	10	10	10	10	10	10	10	10	10	10	10	10	10	10	10	10	
C-MED1			Stage	-8	-7	-6	-5	-4	-3	-2	-1	-0.5	0	0.5	1	1.5	2	3	4	5	6	7	8	9	10	11	12	13	14	15	
C-MED1			C 	0	0	0	0	0	0	0	0	0	0	16.79	33.46	51.31	72.83	88.67	100	100	100	100	100	100	100	100	100	100	100	100	
C-MED1			CTL	0	0	0	0	0	0	0	0	0	0	13.24	24.74	40.25	53.45	66.06	84.17	93.87	100	100	100	100	100	100	100	100	100	100	
C-MED1			CTU	0	0	0	0	0	0	0	0	0	1.28	34.33	44.8	62.13	85.51	100	100	100	100	100	100	100	100	100	100	100	100	100	
C-MED1			Struct	N		0.9		N		12.2		N	148	17		 	-901			
C-MED2	Commercial Medical 2-story	COM	Stage	-8	-7	-6	-5	-4	-3	-2	-1	-0.5	0	0.5	1	1.5	2	3	4	5	6	7	8	9	10	11	12	13	14	15	
C-MED2			S 	0	0	0	0	0	0	0	0	2.5	5	10.13	15.26	17.07	18.88	21.48	22.8	22.8	24.05	26.1	40.4	43.25	46.2	46.2	49.05	49.05	55.16	80.05	
C-MED2			SN	0	0	0	0	0	0	0	0	5	5	5	5	5	10	10	10	10	10	10	10	10	10	10	10	10	10	10	
C-MED2			Stage	-8	-7	-6	-5	-4	-3	-2	-1	-0.5	0	0.5	1	1.5	2	3	4	5	6	7	8	9	10	11	12	13	14	15	
C-MED2			C 	0	0	0	0	0	0	0	0	0	0	14.1	28.1	35.28	46.26	48.85	50	50	50	50	50	50	50	59.56	72.33	96.33	100	100	
C-MED2			CTL	0	0	0	0	0	0	0	0	0	0	11.12	20.79	27.68	33.95	36.4	42.09	46.93	49.79	49.79	49.79	49.79	49.79	49.79	66.11	79.86	89.93	100	
C-MED2			CTU	0	0	0	0	0	0	0	0	0	1.28	28.84	37.63	42.72	50	53.79	53.79	57.16	59.47	59.47	65.68	65.68	75.16	80.32	88.53	100	100	100	
C-MED2			Struct	N		0.9		N		11		N	121	24		 	-901			
C-MOT1	Motel 1-story	COM	Stage	-8	-7	-6	-5	-4	-3	-2	-1	-0.5	0	0.5	1	1.5	2	3	4	5	6	7	8	9	10	11	12	13	14	15	
C-MOT1			S 	0	0	0	0	0	0	0	0	3.5	7	14.37	21.73	25.96	30.19	31.22	32.44	32.44	39.82	42.76	51.72	53.1	54.09	61.78	64.77	64.77	65.49	86.06	
C-MOT1			SN	0	0	0	0	0	0	0	0	5	5	10	10	10	10	10	10	10	10	10	10	10	10	10	10	10	10	10	
C-MOT1			Stage	-8	-7	-6	-6	-4	-3	-2	-1	-0.5	0	0.5	1	1.5	2	3	4	5	6	7	8	9	10	11	12	13	14	15	
C-MOT1			C 	0	0	0	0	0	0	0	0	0	0	12	23.34	38.58	59.38	90.24	100	100	100	100	100	100	100	100	100	100	100	100	
C-MOT1			CTL	0	0	0	0	0	0	0	0	0	0	7.03	15.15	29.88	48.94	59.97	85.09	100	100	100	100	100	100	100	100	100	100	100	
C-MOT1			CTU	0	0	0	0	0	0	0	0	0	1.58	21.82	46.35	83.39	100	100	100	100	100	100	100	100	100	100	100	100	100	100	
C-MOT1			Struct	N		0.9		N		12		N	69	19		 	-901			
C-MOT2	Motel 2-story	COM	Stage	-8	-7	-6	-5	-4	-3	-2	-1	-0.5	0	0.5	1	1.5	2	3	4	5	6	7	8	9	10	11	12	13	14	15	
C-MOT2			S 	0	0	0	0	0	0	0	0	2.5	5	10.13	15.26	17.07	18.88	21.48	22.8	22.8	24.05	26.1	40.4	43.25	46.2	46.2	49.05	49.05	55.16	80.05	
C-MOT2			SN	0	0	0	0	0	0	0	0	5	5	5	5	5	10	10	10	10	10	10	10	10	10	10	10	10	10	10	
C-MOT2			Stage	-8	-7	-6	-5	-4	-3	-2	-1	-0.5	0	0.5	1	1.5	2	3	4	5	6	7	8	9	10	11	12	13	14	15	
C-MOT2			C 	0	0	0	0	0	0	0	0	0	0	12.62	24.83	36.15	49.07	49.82	50	50	50	50	50	50	50	59.56	72.33	96.33	100	100	
C-MOT2			CTL	0	0	0	0	0	0	0	0	0	0	6.58	13.64	22.61	28.71	48.93	49.27	49.79	49.79	49.79	49.79	49.79	49.79	49.79	66.11	79.86	89.93	100	
C-MOT2			CTU	0	0	0	0	0	0	0	0	0	1.86	20.22	41.91	46.11	50	53.79	53.79	57.16	59.47	59.47	65.68	65.68	75.16	80.32	88.53	100	100	100	
C-MOT2			Struct	N		0.9		N		9.4		N	69	19		 	-901			
C-OFF1	Commercial Office 1-story	COM	Stage	-8	-7	-6	-5	-4	-3	-2	-1	-0.5	0	0.5	1	1.5	2	3	4	5	6	7	8	9	10	11	12	13	14	15	
C-OFF1			S 	0	0	0	0	0	0	0	0	3.5	7	14.37	21.73	25.96	30.19	31.22	32.44	32.44	39.82	42.76	51.72	53.1	54.09	61.78	64.77	64.77	65.49	86.06	
C-OFF1			SN	0	0	0	0	0	0	0	0	5	5	10	10	10	10	10	10	10	10	10	10	10	10	10	10	10	10	10	
C-OFF1			Stage	-8	-7	-6	-5	-4	-3	-2	-1	-0.5	0	0.5	1	1.5	2	3	4	5	6	7	8	9	10	11	12	13	14	15	
C-OFF1			C 	0	0	0	0	0	0	0	0	0	0	18.1	34.88	59.22	78.44	90.43	100	100	100	100	100	100	100	100	100	100	100	100	
C-OFF1			CTL	0	0	0	0	0	0	0	0	0	0	10	23.94	38.94	54.63	77.12	97.88	100	100	100	100	100	100	100	100	100	100	100	
C-OFF1			CTU	0	0	0	0	0	0	0	0	0	0	25.79	44.33	63.54	86.52	100	100	100	100	100	100	100	100	100	100	100	100	100	
C-OFF1			Struct	N		0.9		N		15.4		N	34	27		 	-901			
C-OFF2	Commercial Office 2-story	COM	Stage	-8	-7	-6	-5	-4	-3	-2	-1	-0.5	0	0.5	1	1.5	2	3	4	5	6	7	8	9	10	11	12	13	14	15	
C-OFF2			S 	0	0	0	0	0	0	0	0	2.5	5	10.13	15.26	17.07	18.88	21.48	22.8	22.8	24.05	26.1	40.4	43.25	46.2	46.2	49.05	49.05	55.16	80.05	
C-OFF2			SN	0	0	0	0	0	0	0	0	5	5	5	5	5	10	10	10	10	10	10	10	10	10	10	10	10	10	10	
C-OFF2			Stage	-8	-7	-6	-5	-4	-3	-2	-1	-0.5	0	0.5	1	1.5	2	3	4	5	6	7	8	9	10	11	12	13	14	15	
C-OFF2			C 	0	0	0	0	0	0	0	0	0	0	15.51	29.3	40.72	49.82	49.82	50	50	50	50	50	50	50	59.56	72.33	96.33	100	100	
C-OFF2			CTL	0	0	0	0	0	0	0	0	0	0	0	17.69	19.48	41.74	48.93	49.27	49.79	49.79	49.79	49.79	49.79	49.79	49.79	66.11	79.86	89.93	100	
C-OFF2			CTU	0	0	0	0	0	0	0	0	0	0	32.11	40.42	46.11	50	53.79	53.79	57.16	59.47	59.47	65.68	65.68	75.16	80.32	88.53	100	100	100	
C-OFF2			Struct	N		0.9		N		8.9		N	28	31		 	-901			
C-REST1	Commercial Restaurants 1-story	COM	Stage	-8	-7	-6	-5	-4	-3	-2	-1	-0.5	0	0.5	1	1.5	2	3	4	5	6	7	8	9	10	11	12	13	14	15	
C-REST1			S 	0	0	0	0	0	0	0	0	3.5	7	14.37	21.73	25.96	30.19	31.22	32.44	32.44	39.82	42.76	51.72	53.1	54.09	61.78	64.77	64.77	65.49	86.06	
C-REST1			SN	0	0	0	0	0	0	0	0	5	5	10	10	10	10	10	10	10	10	10	10	10	10	10	10	10	10	10	
C-REST1			Stage	-8	-7	-6	-5	-4	-3	-2	-1	-0.5	0	0.5	1	1.5	2	3	4	5	6	7	8	9	10	11	12	13	14	15	
C-REST1			C 	0	0	0	0	0	0	0	0	0	0	15.03	29.56	52.57	77.25	96.13	100	100	100	100	100	100	100	100	100	100	100	100	
C-REST1			CTL	0	0	0	0	0	0	0	0	0	0	7.84	16.24	32.89	45.21	78.4	94.9	98.09	100	100	100	100	100	100	100	100	100	100	
C-REST1			CTU	0	0	0	0	0	0	0	0	0	1.86	24.07	49.89	88	100	100	100	100	100	100	100	100	100	100	100	100	100	100	
C-REST1			Struct	N		0.9		N		12.8		N	118	25		 	-901			
C-REST2	Commercial Restaurants 2-story	COM	Stage	-8	-7	-6	-5	-4	-3	-2	-1	-0.5	0	0.5	1	1.5	2	3	4	5	6	7	8	9	10	11	12	13	14	15	
C-REST2			S 	0	0	0	0	0	0	0	0	2.5	5	10.13	15.26	17.07	18.88	21.48	22.8	22.8	24.05	26.1	40.4	43.25	46.2	46.2	49.05	49.05	55.16	80.05	
C-REST2			SN	0	0	0	0	0	0	0	0	5	5	5	5	5	10	10	10	10	10	10	10	10	10	10	10	10	10	10	
C-REST2			Stage	-8	-7	-6	-5	-4	-3	-2	-1	-0.5	0	0.5	1	1.5	2	3	4	5	6	7	8	9	10	11	12	13	14	15	
C-REST2			C 	0	0	0	0	0	0	0	0	0	0	12.62	24.83	36.15	49.07	49.82	50	50	50	50	50	50	50	59.56	72.33	96.33	100	100	
C-REST2			CTL	0	0	0	0	0	0	0	0	0	0	6.58	13.64	22.61	28.71	48.93	49.27	49.79	49.79	49.79	49.79	49.79	49.79	49.79	66.11	79.86	89.93	100	
C-REST2			CTU	0	0	0	0	0	0	0	0	0	1.86	20.22	41.91	46.11	50	53.79	53.79	57.16	59.47	59.47	65.68	65.68	75.16	80.32	88.53	100	100	100	
C-REST2			Struct	N		0.9		N		12		N	118	25		 	-901			
C-RESTFF1	Commercial Fast Food Rest 1-story	COM	Stage	-8	-7	-6	-5	-4	-3	-2	-1	-0.5	0	0.5	1	1.5	2	3	4	5	6	7	8	9	10	11	12	13	14	15	
C-RESTFF1			S 	0	0	0	0	0	0	0	0	3.5	7	14.37	21.73	25.96	30.19	31.22	32.44	32.44	39.82	42.76	51.72	53.1	54.09	61.78	64.77	64.77	65.49	86.06	
C-RESTFF1			SN	0	0	0	0	0	0	0	0	5	5	10	10	10	10	10	10	10	10	10	10	10	10	10	10	10	10	10	
C-RESTFF1			Stage	-8	-7	-6	-5	-4	-3	-2	-1	-0.5	0	0.5	1	1.5	2	3	4	5	6	7	8	9	10	11	12	13	14	15	
C-RESTFF1			C 	0	0	0	0	0	0	0	0	0	0	12	23.34	38.58	59.38	90.24	100	100	100	100	100	100	100	100	100	100	100	100	
C-RESTFF1			CTL	0	0	0	0	0	0	0	0	0	0	7.03	15.15	29.88	48.94	59.97	85.09	100	100	100	100	100	100	100	100	100	100	100	
C-RESTFF1			CTU	0	0	0	0	0	0	0	0	0	1.58	21.82	46.35	83.39	100	100	100	100	100	100	100	100	100	100	100	100	100	100	
C-RESTFF1			Struct	N		0.9		N		13.5		N	42	20		 	-901			
C-RESTFF2	Commercial Fast Food Rest 2-story	COM	Stage	-8	-7	-6	-5	-4	-3	-2	-1	-0.5	0	0.5	1	1.5	2	3	4	5	6	7	8	9	10	11	12	13	14	15	
C-RESTFF2			S 	0	0	0	0	0	0	0	0	2.5	5	10.13	15.26	17.07	18.88	21.48	22.8	22.8	24.05	26.1	40.4	43.25	46.2	46.2	49.05	49.05	55.16	80.05	
C-RESTFF2			SN	0	0	0	0	0	0	0	0	5	5	5	5	5	10	10	10	10	10	10	10	10	10	10	10	10	10	10	
C-RESTFF2			Stage	-8	-7	-6	-5	-4	-3	-2	-1	-0.5	0	0.5	1	1.5	2	3	4	5	6	7	8	9	10	11	12	13	14	15	
C-RESTFF2			C 	0	0	0	0	0	0	0	0	0	0	10.08	19.61	26.53	37.71	49.72	50	50	50	50	50	50	50	59.56	72.33	96.33	100	100	
C-RESTFF2			CTL	0	0	0	0	0	0	0	0	0	0	5.91	12.73	20.55	31.09	33.04	42.55	49.79	49.79	49.79	49.79	49.79	49.79	49.79	66.11	79.86	89.93	100	
C-RESTFF2			CTU	0	0	0	0	0	0	0	0	0	1.58	18.33	38.93	46.11	50	53.79	53.79	57.16	59.47	59.47	65.68	65.68	75.16	80.32	88.53	100	100	100	
C-RESTFF2			Struct	N		0.9		N		12		N	42	20		 	-901			
C-RET1	Commercial Retail 1-story	COM	Stage	-8	-7	-6	-5	-4	-3	-2	-1	-0.5	0	0.5	1	1.5	2	3	4	5	6	7	8	9	10	11	12	13	14	15	
C-RET1			S 	0	0	0	0	0	0	0	0	3.5	7	14.37	21.73	25.96	30.19	31.22	32.44	32.44	39.82	42.76	51.72	53.1	54.09	61.78	64.77	64.77	65.49	86.06	
C-RET1			SN	0	0	0	0	0	0	0	0	5	5	10	10	10	10	10	10	10	10	10	10	10	10	10	10	10	10	10	
C-RET1			Stage	-8	-7	-6	-5	-4	-3	-2	-1	-0.5	0	0.5	1	1.5	2	3	4	5	6	7	8	9	10	11	12	13	14	15	
C-RET1			C 	0	0	0	0	0	0	0	0	0	0	16.66	22.75	36.45	49.51	64.7	90.19	100	100	100	100	100	100	100	100	100	100	100	
C-RET1			CTL	0	0	0	0	0	0	0	0	0	0	10.11	16.26	30.41	35.34	56.1	76	84.43	92.21	100	100	100	100	100	100	100	100	100	
C-RET1			CTU	0	0	0	0	0	0	0	0	0	0.68	21.54	30.55	45.12	58.14	82.09	100	100	100	100	100	100	100	100	100	100	100	100	
C-RET1			Struct	N		0.9		N		13.2		N	51	25		 	-901			
C-RET2	Commercial Retail 2-story	COM	Stage	-8	-7	-6	-5	-4	-3	-2	-1	-0.5	0	0.5	1	1.5	2	3	4	5	6	7	8	9	10	11	12	13	14	15	
C-RET2			S 	0	0	0	0	0	0	0	0	2.5	5	10.13	15.26	17.07	18.88	21.48	22.8	22.8	24.05	26.1	40.4	43.25	46.2	46.2	49.05	49.05	55.16	80.05	
C-RET2			SN	0	0	0	0	0	0	0	0	5	5	5	5	5	10	10	10	10	10	10	10	10	10	10	10	10	10	10	
C-RET2			Stage	-8	-7	-6	-5	-4	-3	-2	-1	-0.5	0	0.5	1	1.5	2	3	4	5	6	7	8	9	10	11	12	13	14	15	
C-RET2			C 	0	0	0	0	0	0	0	0	0	0	13.99	19.11	25.07	31.45	35.65	45.1	50	50	50	50	50	50	59.56	72.33	96.33	100	100	
C-RET2			CTL	0	0	0	0	0	0	0	0	0	0	8.5	13.66	20.91	22.44	30.91	38	42.21	46.11	49.79	49.79	49.79	49.79	49.79	66.11	79.86	89.93	100	
C-RET2			CTU	0	0	0	0	0	0	0	0	0	0.68	18.09	25.66	31.03	36.93	45.23	50	57.16	59.47	59.47	65.68	65.68	75.16	80.32	88.53	100	100	100	
C-RET2			Struct	N		0.9		N		13.5		N	47	27		 	-901			
C-SERV1	Commercial Service-Auto 1-story	COM	Stage	-8	-7	-6	-5	-4	-3	-2	-1	-0.5	0	0.5	1	1.5	2	3	4	5	6	7	8	9	10	11	12	13	14	15	
C-SERV1			S 	0	0	0	0	0	0	0	0	3.5	7	14.37	21.73	25.96	30.19	31.22	32.44	32.44	39.82	42.76	51.72	53.1	54.09	61.78	64.77	64.77	65.49	86.06	
C-SERV1			SN	0	0	0	0	0	0	0	0	5	5	10	10	10	10	10	10	10	10	10	10	10	10	10	10	10	10	10	
C-SERV1			Stage	-8	-7	-6	-5	-4	-3	-2	-1	-0.5	0	0.5	1	1.5	2	3	4	5	6	7	8	9	10	11	12	13	14	15	
C-SERV1			C 	0	0	0	0	0	0	0	9.05	9.05	9.91	17.66	23.18	37.5	42.77	67.41	100	100	100	100	100	100	100	100	100	100	100	100	
C-SERV1			CTL	0	0	0	0	0	0	0	0	0	0	9.71	14.56	14.56	24.56	43.35	55.73	73.32	88.42	98.83	98.83	98.83	100	100	100	100	100	100	
C-SERV1			CTU	0	0	0	0	0	0	0	11.91	16.57	20.39	27.73	44.3	72.06	91.7	97.76	100	100	100	100	100	100	100	100	100	100	100	100	
C-SERV1			Struct	N		0.9		N		13.8		N	193	24		 	-901			
C-SERV2	Commercial Service-Auto 2-story	COM	Stage	-8	-7	-6	-5	-4	-3	-2	-1	-0.5	0	0.5	1	1.5	2	3	4	5	6	7	8	9	10	11	12	13	14	15	
C-SERV2			S 	0	0	0	0	0	0	0	0	2.5	5	10.13	15.26	17.07	18.88	21.48	22.8	22.8	24.05	26.1	40.4	43.25	46.2	46.2	49.05	49.05	55.16	80.05	
C-SERV2			SN	0	0	0	0	0	0	0	0	5	5	5	5	5	10	10	10	10	10	10	10	10	10	10	10	10	10	10	
C-SERV2			Stage	-8	-7	-6	-5	-4	-3	-2	-1	-0.5	0	0.5	1	1.5	2	3	4	5	6	7	8	9	10	11	12	13	14	15	
C-SERV2			C 	0	0	0	0	0	0	0	7.6	7.6	8.32	14.83	19.47	25.79	27.16	37.14	50	50	50	50	50	50	50	59.56	72.33	96.33	100	100	
C-SERV2			CTL	0	0	0	0	0	0	0	0	0	0	8.15	12.23	10.01	15.6	23.88	27.87	36.66	44.21	49.41	49.41	49.41	49.79	49.79	66.11	79.86	89.93	100	
C-SERV2			CTU	0	0	0	0	0	0	0	10.01	13.92	17.13	23.3	37.21	49.55	50	53.79	53.79	57.16	59.47	59.47	65.68	65.68	75.16	80.32	88.53	100	100	100	
C-SERV2			Struct	N		0.9		N		12		N	193	15		 	-901			
C-SHOP1	Commercial Shopping Center 1-story	COM	Stage	-8	-7	-6	-5	-4	-3	-2	-1	-0.5	0	0.5	1	1.5	2	3	4	5	6	7	8	9	10	11	12	13	14	15	
C-SHOP1			S 	0	0	0	0	0	0	0	0	3.5	7	14.37	21.73	25.96	30.19	31.22	32.44	32.44	39.82	42.76	51.72	53.1	54.09	61.78	64.77	64.77	65.49	86.06	
C-SHOP1			SN	0	0	0	0	0	0	0	0	5	5	10	10	10	10	10	10	10	10	10	10	10	10	10	10	10	10	10	
C-SHOP1			Stage	-8	-7	-6	-5	-4	-3	-2	-1	-0.5	0	0.5	1	1.5	2	3	4	5	6	7	8	9	10	11	12	13	14	15	
C-SHOP1			C 	0	0	0	0	0	0	0	0	0	0	20.51	32.79	47.55	58.49	71.93	97.2	100	100	100	100	100	100	100	100	100	100	100	
C-SHOP1			CTL	0	0	0	0	0	0	0	0	0	0	6.11	19.85	28.46	41.82	63.33	81.74	88.45	88.58	91.32	94.06	100	100	100	100	100	100	100	
C-SHOP1			CTU	0	0	0	0	0	0	0	0	0	0	27.67	47.83	73.25	90.61	100	100	100	100	100	100	100	100	100	100	100	100	100	
C-SHOP1			Struct	N		0.9		N		10.3		N	67	27		 	-901			
C-SHOP2	Commercial Shopping Center 2-story	COM	Stage	-8	-7	-6	-5	-4	-3	-2	-1	-0.5	0	0.5	1	1.5	2	3	4	5	6	7	8	9	10	11	12	13	14	15	
C-SHOP2			S 	0	0	0	0	0	0	0	0	2.5	5	10.13	15.26	17.07	18.88	21.48	22.8	22.8	24.05	26.1	40.4	43.25	46.2	46.2	49.05	49.05	55.16	80.05	
C-SHOP2			SN	0	0	0	0	0	0	0	0	5	5	5	5	5	10	10	10	10	10	10	10	10	10	10	10	10	10	10	
C-SHOP2			Stage	-8	-7	-6	-5	-4	-3	-2	-1	-0.5	0	0.5	1	1.5	2	3	4	5	6	7	8	9	10	11	12	13	14	15	
C-SHOP2			C 	0	0	0	0	0	0	0	0	0	0	17.23	27.54	32.7	37.15	39.63	48.6	50	50	50	50	50	50	59.56	72.33	96.33	100	100	
C-SHOP2			CTL	0	0	0	0	0	0	0	0	0	0	5.13	16.67	19.57	26.56	34.89	40.87	44.23	44.29	45.66	47.03	49.79	49.79	49.79	66.11	79.86	89.93	100	
C-SHOP2			CTU	0	0	0	0	0	0	0	0	0	0	23.25	40.18	46.11	50	53.79	53.79	57.16	59.47	59.47	65.68	65.68	75.16	80.32	88.53	100	100	100	
C-SHOP2			Struct	N		0.9		N		10.3		N	54	3		 	-901			
I-HV1	Industrial Heavy Manufacture 1-story	IND	Stage	-8	-7	-6	-5	-4	-3	-2	-1	-0.5	0	0.5	1	1.5	2	3	4	5	6	7	8	9	10	11	12	13	14	15	
I-HV1			S 	0	0	0	0	0	0	0	0	3.5	7	14.4	21.73	26	30.19	31.22	32.44	32.44	39.82	42.76	51.72	53.1	54.09	61.78	64.77	64.77	65.49	86.06	
I-HV1			SN	0	0	0	0	0	0	0	0	5	5	10	10	10	10	10	10	10	10	10	10	10	10	10	10	10	10	10	
I-HV1			Stage	-8	-7	-6	-5	-4	-3	-2	-1	-0.5	0	0.5	1	1.5	2	3	4	5	6	7	8	9	10	11	12	13	14	15	
I-HV1			C 	0	0	0	0	0	0	0	0	0	0	5.77	16.13	28.92	41	56.44	85.38	92.46	97.14	98.09	98.09	99.05	100	100	100	100	100	100	
I-HV1			CTL	0	0	0	0	0	0	0	0	0	0	4.48	13.85	26.18	39.25	53.58	82.42	92.08	96.9	97.93	97.93	98.97	100	100	100	100	100	100	
I-HV1			CTU	0	0	0	0	0	0	0	0	0	0	10	24.48	38.11	47.42	64.34	94.84	95.7	100	100	100	100	100	100	100	100	100	100	
I-HV1			Struct	N		1		N		12		N	31	30		 	-901			
I-HV2	Industrial Heavy Manufacture 2-story	IND	Stage	-8	-7	-6	-5	-4	-3	-2	-1	-0.5	0	0.5	1	1.5	2	3	4	5	6	7	8	9	10	11	12	13	14	15	
I-HV2			S 	0	0	0	0	0	0	0	0	1.25	2.5	3.75	5	7.57	10.1	15.26	17.1	18.88	21.48	22.8	22.8	24.05	26.1	40.4	43.25	46.2	46.2	49.05	
I-HV2			SN	0	0	0	0	0	0	0	0	5	5	5	5	5	10	10	10	10	10	10	10	10	10	10	10	10	10	10	
I-HV2			Stage	-8	-7	-6	-5	-4	-3	-2	-1	-0.5	0	0.5	1	1.5	2	3	4	5	6	7	8	9	10	11	12	13	14	15	
I-HV2			C 	0	0	0	0	0	0	0	0	0	0	4.85	13.55	19.89	26.04	31.09	42.69	46.23	48.57	49.05	49.05	49.52	50	59.56	72.33	96.33	100	100	
I-HV2			CTL	0	0	0	0	0	0	0	0	0	0	3.77	11.63	18	24.93	29.52	41.21	46.04	48.45	48.97	48.97	49.48	49.79	49.79	66.11	79.86	89.93	100	
I-HV2			CTU	0	0	0	0	0	0	0	0	0	0	8.4	20.57	26.2	30.12	35.45	47.42	47.85	50	50	50	65.68	75.16	80.32	88.53	100	100	100	
I-HV2			Struct	N		1		N		12		N	20	22		 	-901			
I-LT1	Industrial Light 1-story	IND	Stage	-8	-7	-6	-5	-4	-3	-2	-1	-0.5	0	0.5	1	1.5	2	3	4	5	6	7	8	9	10	11	12	13	14	15	
I-LT1			S 	0	0	0	0	0	0	0	0	3.5	7	14.4	21.73	26	30.19	31.22	32.44	32.44	39.82	42.76	51.72	53.1	54.09	61.78	64.77	64.77	65.49	86.06	
I-LT1			SN	0	0	0	0	0	0	0	0	5	5	10	10	10	10	10	10	10	10	10	10	10	10	10	10	10	10	10	
I-LT1			Stage	-8	-7	-6	-5	-4	-3	-2	-1	-0.5	0	0.5	1	1.5	2	3	4	5	6	7	8	9	10	11	12	13	14	15	
I-LT1			C 	0	0	0	0	0	0	0	0	0	0	19.08	35.2	48.85	64.23	74.83	91.76	96.27	100	100	100	100	100	100	100	100	100	100	
I-LT1			CTL	0	0	0	0	0	0	0	0	0	0	15.03	25.18	37.38	51.01	64.59	74.74	88.61	95.03	99.66	99.66	99.66	100	100	100	100	100	100	
I-LT1			CTU	0	0	0	0	0	0	0	0	0	0.34	27.78	44.27	54.27	75.42	100	100	100	100	100	100	100	100	100	100	100	100	100	
I-LT1			Struct	N		1		N		14.2		N	188	29		 	-901			
I-LT2	Industrial Light 2-story	IND	Stage	-8	-7	-6	-5	-4	-3	-2	-1	-0.5	0	0.5	1	1.5	2	3	4	5	6	7	8	9	10	11	12	13	14	15	
I-LT2			S 	0	0	0	0	0	0	0	0	1.25	2.5	3.75	5	7.57	10.1	15.26	17.1	18.88	21.48	22.8	22.8	24.05	26.1	40.4	43.25	46.2	46.2	49.05	
I-LT2			SN	0	0	0	0	0	0	0	0	5	5	5	5	5	10	10	10	10	10	10	10	10	10	10	10	10	10	10	
I-LT2			Stage	-8	-7	-6	-5	-4	-3	-2	-1	-0.5	0	0.5	1	1.5	2	3	4	5	6	7	8	9	10	11	12	13	14	15	
I-LT2			C 	0	0	0	0	0	0	0	0	0	0	16.03	29.57	33.59	40.8	41.23	45.88	48.13	50	50	50	50	50	59.56	72.33	96.33	100	100	
I-LT2			CTL	0	0	0	0	0	0	0	0	0	0	12.63	21.15	25.71	32.4	35.59	37.37	44.3	47.52	49.79	49.79	49.79	49.79	49.79	66.11	79.86	89.93	100	
I-LT2			CTU	0	0	0	0	0	0	0	0	0	0.34	23.33	37.19	37.32	47.9	53.79	53.79	57.16	59.47	59.47	65.68	65.68	75.16	80.32	88.53	100	100	100	
I-LT2			Struct	N		1		N		5.4		N	126	37		 	-901			
I-WH1	Industrial Warehouse 1-story	IND	Stage	-8	-7	-6	-5	-4	-3	-2	-1	-0.5	0	0.5	1	1.5	2	3	4	5	6	7	8	9	10	11	12	13	14	15	
I-WH1			S 	0	0	0	0	0	0	0	0	3.5	7	14.4	21.73	26	30.19	31.22	32.44	32.44	39.82	42.76	51.72	53.1	54.09	61.78	64.77	64.77	65.49	86.06	
I-WH1			SN	0	0	0	0	0	0	0	0	5	5	10	10	10	10	10	10	10	10	10	10	10	10	10	10	10	10	10	
I-WH1			Stage	-8	-7	-6	-5	-4	-3	-2	-1	-0.5	0	0.5	1	1.5	2	3	4	5	6	7	8	9	10	11	12	13	14	15	
I-WH1			C 	0	0	0	0	0	0	0	0	0	0	11.33	23.36	36.46	54.85	69.03	84.16	95.65	100	100	100	100	100	100	100	100	100	100	
I-WH1			CTL	0	0	0	0	0	0	0	0	0	0	2.52	18.1	30.12	46.41	55.37	68.57	82.73	91.89	99.56	99.56	99.56	100	100	100	100	100	100	
I-WH1			CTU	0	0	0	0	0	0	0	0	0	0.86	20.36	30.58	48.9	59.9	78.87	92.27	100	100	100	100	100	100	100	100	100	100	100	
I-WH1			Struct	N		1		N		15.4		N	89	28		 	-901			
I-WH2	Industrial Warehouse 2-story	IND	Stage	-8	-7	-6	-5	-4	-3	-2	-1	-0.5	0	0.5	1	1.5	2	3	4	5	6	7	8	9	10	11	12	13	14	15	
I-WH2			S 	0	0	0	0	0	0	0	0	1.25	2.5	3.75	5	7.57	10.1	15.26	17.1	18.88	21.48	22.8	22.8	24.05	26.1	40.4	43.25	46.2	46.2	49.05	
I-WH2			SN	0	0	0	0	0	0	0	0	5	5	5	5	5	10	10	10	10	10	10	10	10	10	10	10	10	10	10	
I-WH2			Stage	-8	-7	-6	-5	-4	-3	-2	-1	-0.5	0	0.5	1	1.5	2	3	4	5	6	7	8	9	10	11	12	13	14	15	
I-WH2			C 	0	0	0	0	0	0	0	0	0	0	9.52	19.63	25.07	34.84	38.03	42.08	47.83	50	50	50	50	50	59.56	72.33	96.33	100	100	
I-WH2			CTL	0	0	0	0	0	0	0	0	0	0	2.12	15.21	20.71	29.48	30.5	34.29	41.36	45.94	49.78	49.78	49.78	49.79	49.79	66.11	79.86	89.93	100	
I-WH2			CTU	0	0	0	0	0	0	0	0	0	0.86	17.1	25.69	33.63	38.05	43.45	46.13	50	59.47	59.47	65.68	65.68	75.16	80.32	88.53	100	100	100	
I-WH2			Struct	N		1		N		14		N	85	31		 	-901			
MFR1	Multi-Family Residential 1-story	RES	Stage	-8	-7	-6	-5	-4	-3	-2	-1	-0.5	0	0.5	1	1.5	2	3	4	5	6	7	8	9	10	11	12	13	14	15	
MFR1			S 	0	0	0	0	0	0	0	2.5	8	13.4	18.4	23.3	27.7	32.1	40.1	47.1	53.2	58.6	63.2	67.2	70.5	73.2	75.4	77.2	78.5	79.5	80.2	
MFR1			SN	0	0	0	0	0	0	0	2.7	2.35	2	1.8	1.6	1.6	1.6	1.8	1.9	2	2.1	2.2	2.3	2.4	2.7	3	3.3	3.7	4.1	4.5	
MFR1			Stage	-8	-7	-6	-5	-4	-3	-2	-1	-0.5	0	0.5	1	1.5	2	3	4	5	6	7	8	9	10	11	12	13	14	15	
MFR1			C 	0	0	0	0	0	0	0	2.4	5.3	8.1	10.7	13.3	15.6	17.9	22	25.7	28.8	31.5	33.8	35.7	37.2	38.4	39.2	39.7	40	40	40	
MFR1			CN	0	0	0	0	0	0	0	2.1	1.8	1.5	1.35	1.2	1.2	1.2	1.4	1.5	1.6	1.6	1.7	1.8	1.9	2.1	2.3	2.6	2.9	3.2	3.5	
MFR1			Struct	N		1.2		N		12		N	100	12		 	-901			
MFR2	Multi-Family Residential 2-story	RES	Stage	-8	-7	-6	-5	-4	-3	-2	-1	-0.5	0	0.5	1	1.5	2	3	4	5	6	7	8	9	10	11	12	13	14	15	
MFR2			S 	0	0	0	0	0	0	0	3	6.2	9.3	12.3	15.2	18.1	20.9	26.3	31.4	36.2	40.7	44.9	48.8	52.4	55.7	58.7	61.4	63.8	65.9	67.7	
MFR2			SN	0	0	0	0	0	0	0	4.1	3.75	3.4	3.2	3	2.9	2.8	2.9	3.2	3.4	3.7	3.9	4	4.1	4.2	4.2	4.2	4.2	4.3	4.6	
MFR2			Stage	-8	-7	-6	-5	-4	-3	-2	-1	-0.5	0	0.5	1	1.5	2	3	4	5	6	7	8	9	10	11	12	13	14	15	
MFR2			C 	0	0	0	0	0	0	0	1	3	5	6.9	8.7	10.5	12.2	15.5	18.5	21.3	23.9	26.3	28.4	30.3	32	33.4	34.7	35.6	36.4	36.9	
MFR2			CN	0	0	0	0	0	0	0	3.5	3.2	2.9	2.75	2.6	2.55	2.5	2.5	2.7	3	3.2	3.3	3.4	3.5	3.5	3.5	3.5	3.5	3.6	3.8	
MFR2			Struct	N		1.2		N		12		N	100	12		 	-901			
MH	Mobile Home Single/Double	RES	Stage	-8	-7	-6	-5	-4	-3	-2	-1	-0.5	0	0.5	1	1.5	2	3	4	5	6	7	8	9	10	11	12	13	14	15	
MH			S 	0	0	0	0	0	0	0	6.4	7.3	9.9	43.4	44.7	45	45.7	45.9	50	65.6	65.6	66	66	66	66	66	66	66	66	66	
MH			STL	0	0	0	0	0	0	0	6.1	6.9	9.4	41.2	42.5	42.8	43.4	43.6	47.5	62.3	62.3	62.7	62.7	62.7	62.7	62.7	62.7	62.7	62.7	62.7	
MH			STU	0	0	0	0	0	0	0	8.3	9.5	12.9	52.1	53.6	54	54.8	55.1	60	78.7	78.7	79.2	79.2	79.2	79.2	79.2	79.2	79.2	79.2	79.2	
MH			Stage	-8	-7	-6	-5	-4	-3	-2	-1	-0.5	0	0.5	1	1.5	2	3	4	5	6	7	8	9	10	11	12	13	14	15	
MH			C 	0	0	0	0	0	0	0	0	0	0	28.1	38.3	44.8	56.4	68.6	79.9	89.6	89.7	89.7	89.7	89.7	89.7	89.7	89.7	89.7	89.7	89.7	
MH			CTL	0	0	0	0	0	0	0	0	0	0	10.5	27.2	39.6	52.6	63.3	77.4	86.8	86.9	86.9	86.9	86.9	86.9	86.9	86.9	86.9	86.9	86.9	
MH			CTU	0	0	0	0	0	0	0	0	0	0	36.7	45.4	48.8	64.3	71.2	82.2	92.1	92.3	95.7	95.7	95.7	95.7	95.7	95.7	95.7	95.7	95.7	
MH			Struct	N		1.2		N		14		N	50	12		 	-901			
P-CH1	Public Church 1-story	PUB	Stage	-8	-7	-6	-5	-4	-3	-2	-1	-0.5	0	0.5	1	1.5	2	3	4	5	6	7	8	9	10	11	12	13	14	15	
P-CH1			S 	0	0	0	0	0	0	0	1e-012	3.5	7	14.4	21.73	26	30.19	31.22	32.44	32.44	39.82	42.76	51.72	53.1	54.09	61.78	64.77	64.77	65.48831319	86.06	
P-CH1			SN	0	0	0	0	0	0	0	0	5	5	10	10	10	10	10	10	10	10	10	10	10	10	10	10	10	10	10	
P-CH1			Stage	-8	-7	-6	-5	-4	-3	-2	-1	-0.5	0	0.5	1	1.5	2	3	4	5	6	7	8	9	10	11	12	13	14	15	
P-CH1			C 	0	0	0	0	0	0	0	0	0	0	22.74	32.86	45.8	74.82	85.5	98.82	98.82	98.82	98.82	98.82	98.82	98.82	98.82	99.29	100	100	100	
P-CH1			CTL	0	0	0	0	0	0	0	0	0	0	11.06	29.49	36.41	48.75	57.36	88.33	96.81	96.81	96.81	96.81	96.81	96.81	96.81	97.1	98.84	99.42	100	
P-CH1			CTU	0	0	0	0	0	0	0	0	0	0	36.57	45.48	66.29	84.45	95.05	98.82	98.82	98.82	98.82	98.82	98.82	98.82	98.82	99.29	100	100	100	
P-CH1			Struct	N		0.5		N		13		N	20	23		 	-901			
P-CH2	Public Church 2-story	PUB	Stage	-8	-7	-6	-5	-4	-3	-2	-1	-0.5	0	0.5	1	1.5	2	3	4	5	6	7	8	9	10	11	12	13	14	15	
P-CH2			S 	0	0	0	0	0	0	0	0	1.25	2.5	3.75	5	7.57	10.1	15.26	17.1	18.88	21.48	22.8	22.8	24.05	26.1	40.4	43.25	46.2	46.2	49.05	
P-CH2			SN	0	0	0	0	0	0	0	0	5	5	5	5	5	10	10	10	10	10	10	10	10	10	10	10	10	10	10	
P-CH2			Stage	-8	-7	-6	-5	-4	-3	-2	-1	-0.5	0	0.5	1	1.5	2	3	4	5	6	7	8	9	10	11	12	13	14	15	
P-CH2			C 	0	0	0	0	0	0	0	0	0	0	19.1	27.6	31.5	47.1	47.1	49.41	49.41	49.41	50	50	50	50	59.56	72.33	96.33	100	100	
P-CH2			CTL	0	0	0	0	0	0	0	0	0	0	9.29	24.78	25.04	30.69	31.6	44.17	48.4	48.4	48.98	48.98	48.98	48.98	49.79	66.11	79.86	89.93	100	
P-CH2			CTU	0	0	0	0	0	0	0	0	0	0	30.72	38.2	45.58	53.17	53.79	53.79	57.16	59.47	59.47	65.68	65.68	75.16	80.32	88.53	100	100	100	
P-CH2			Struct	N		0.5		N		13		N	17	28		 	-901			
P-GOV1	Public Government Building 1-story	PUB	Stage	-8	-7	-6	-5	-4	-3	-2	-1	-0.5	0	0.5	1	1.5	2	3	4	5	6	7	8	9	10	11	12	13	14	15	
P-GOV1			S 	0	0	0	0	0	0	0	1e-012	3.5	7	14.4	21.73	26	30.19	31.22	32.44	32.44	39.82	42.76	51.72	53.1	54.09	61.78	64.77	64.77	65.48831319	86.06	
P-GOV1			SN	0	0	0	0	0	0	0	0	5	5	10	10	10	10	10	10	10	10	10	10	10	10	10	10	10	10	10	
P-GOV1			Stage	-8	-7	-6	-5	-4	-3	-2	-1	-0.5	0	0.5	1	1.5	2	3	4	5	6	7	8	9	10	11	12	13	14	15	
P-GOV1			C 	0	0	0	0	0	0	0	0	0	0	18.1	34.88	59.22	78.44	90.43	100	100	100	100	100	100	100	100	100	100	100	100	
P-GOV1			CTL	0	0	0	0	0	0	0	0	0	0	10	23.94	38.94	54.63	77.12	97.88	100	100	100	100	100	100	100	100	100	100	100	
P-GOV1			CTU	0	0	0	0	0	0	0	0	0	0	25.79	44.33	63.54	86.52	100	100	100	100	100	100	100	100	100	100	100	100	100	
P-GOV1			Struct	N		0.5		N		14.2		N	35	24		 	-901			
P-GOV2	Public Government Building 2-story	PUB	Stage	-8	-7	-6	-5	-4	-3	-2	-1	-0.5	0	0.5	1	1.5	2	3	4	5	6	7	8	9	10	11	12	13	14	15	
P-GOV2			S 	0	0	0	0	0	0	0	0	1.25	2.5	3.75	5	7.57	10.1	15.26	17.1	18.88	21.48	22.8	22.8	24.05	26.1	40.4	43.25	46.2	46.2	49.05	
P-GOV2			SN	0	0	0	0	0	0	0	0	5	5	5	5	5	10	10	10	10	10	10	10	10	10	10	10	10	10	10	
P-GOV2			Stage	-8	-7	-6	-5	-4	-3	-2	-1	-0.5	0	0.5	1	1.5	2	3	4	5	6	7	8	9	10	11	12	13	14	15	
P-GOV2			C 	0	0	0	0	0	0	0	0	0	0	15.73	30.07	42.05	49.85	49.85	50	50	50	50	50	50	50	59.61	71.23	96.18	100	100	
P-GOV2			CTL	0	0	0	0	0	0	0	0	0	0	0	18.72	19.48	42.79	48.93	49.27	49.79	49.79	49.79	49.79	49.79	49.79	49.79	66.61	79.85	89.93	100	
P-GOV2			CTU	0	0	0	0	0	0	0	0	0	0	31.47	39.54	44.58	50	53.41	53.41	57.28	58.45	58.45	65.04	65.04	73.49	77.38	87.76	100	100	100	
P-GOV2			Struct	N		0.5		N		14.3		N	26	28		 	-901			
P-REC1	Public Recreation/Assembly 1-story	PUB	Stage	-8	-7	-6	-5	-4	-3	-2	-1	-0.5	0	0.5	1	1.5	2	3	4	5	6	7	8	9	10	11	12	13	14	15	
P-REC1			S 	0	0	0	0	0	0	0	1e-012	3.5	7	14.4	21.73	26	30.19	31.22	32.44	32.44	39.82	42.76	51.72	53.1	54.09	61.78	64.77	64.77	65.48831319	86.06	
P-REC1			SN	0	0	0	0	0	0	0	0	5	5	10	10	10	10	10	10	10	10	10	10	10	10	10	10	10	10	10	
P-REC1			Stage	-8	-7	-6	-5	-4	-3	-2	-1	-0.5	0	0.5	1	1.5	2	3	4	5	6	7	8	9	10	11	12	13	14	15	
P-REC1			C 	0	0	0	0	0	0	0	0	0	0	24.51	37.78	57.32	74.58	94.68	97.95	100	100	100	100	100	100	100	100	100	100	100	
P-REC1			CTL	0	0	0	0	0	0	0	0	0	0	0	20.95	42.39	57.8	70.24	79	92.71	95.44	100	100	100	100	100	100	100	100	100	
P-REC1			CTU	0	0	0	0	0	0	0	0	0	1.91	36.66	47.01	77.93	92.52	98.54	100	100	100	100	100	100	100	100	100	100	100	100	
P-REC1			Struct	N		0.5		N		12		N	58	26		 	-901			
P-REC2	Public Recreation/Assembly 2-story	PUB	Stage	-8	-7	-6	-5	-4	-3	-2	-1	-0.5	0	0.5	1	1.5	2	3	4	5	6	7	8	9	10	11	12	13	14	15	
P-REC2			S 	0	0	0	0	0	0	0	0	1.25	2.5	3.75	5	7.57	10.1	15.26	17.1	18.88	21.48	22.8	22.8	24.05	26.1	40.4	43.25	46.2	46.2	49.05	
P-REC2			SN	0	0	0	0	0	0	0	0	5	5	5	5	5	10	10	10	10	10	10	10	10	10	10	10	10	10	10	
P-REC2			Stage	-8	-7	-6	-5	-4	-3	-2	-1	-0.5	0	0.5	1	1.5	2	3	4	5	6	7	8	9	10	11	12	13	14	15	
P-REC2			C 	0	0	0	0	0	0	0	0	0	0	20.59	31.74	39.42	47.1	48.98	48.98	50	50	50	50	50	50	59.56	72.33	96.33	100	100	
P-REC2			CTL	0	0	0	0	0	0	0	0	0	0	0	17.6	29.15	36.51	36.33	39.5	46.36	47.72	49.79	49.79	49.79	49.79	49.79	66.11	79.86	89.93	100	
P-REC2			CTU	0	0	0	0	0	0	0	0	0	1.91	30.79	39.49	53.59	53.79	53.79	53.79	57.16	59.47	59.47	65.68	65.68	75.16	80.32	88.53	100	100	100	
P-REC2			Struct	N		0.5		N		12		N	58	26		 	-901			
P-SCH1	Public and Private Schools 1-story	PUB	Stage	-8	-7	-6	-5	-4	-3	-2	-1	-0.5	0	0.5	1	1.5	2	3	4	5	6	7	8	9	10	11	12	13	14	15	
P-SCH1			S 	0	0	0	0	0	0	0	1e-012	3.5	7	14.4	21.73	26	30.19	31.22	32.44	32.44	39.82	42.76	51.72	53.1	54.09	61.78	64.77	64.77	65.48831319	86.06	
P-SCH1			SN	0	0	0	0	0	0	0	0	5	5	10	10	10	10	10	10	10	10	10	10	10	10	10	10	10	10	10	
P-SCH1			Stage	-8	-7	-6	-5	-4	-3	-2	-1	-0.5	0	0.5	1	1.5	2	3	4	5	6	7	8	9	10	11	12	13	14	15	
P-SCH1			C 	0	0	0	0	0	0	0	0	0	0	12.6	21.94	33.42	47.33	66.72	76.09	87.78	100	100	100	100	100	100	100	100	100	100	
P-SCH1			CTL	0	0	0	0	0	0	0	0	0	0	0.36	3.12	8.03	17.19	30.72	41.85	53.71	65.4	82.61	88.41	100	100	100	100	100	100	100	
P-SCH1			CTU	0	0	0	0	0	0	0	0	0	0.76	25.52	46.54	62.24	71.09	100	100	100	100	100	100	100	100	100	100	100	100	100	
P-SCH1			Struct	N		0.5		N		11.1		N	38	29		 	-901			
P-SCH2	Public and Private Schools 2-story	PUB	Stage	-8	-7	-6	-5	-4	-3	-2	-1	-0.5	0	0.5	1	1.5	2	3	4	5	6	7	8	9	10	11	12	13	14	15	
P-SCH2			S 	0	0	0	0	0	0	0	0	1.25	2.5	3.75	5	7.57	10.1	15.26	17.1	18.88	21.48	22.8	22.8	24.05	26.1	40.4	43.25	46.2	46.2	49.05	
P-SCH2			SN	0	0	0	0	0	0	0	0	5	5	5	5	5	10	10	10	10	10	10	10	10	10	10	10	10	10	10	
P-SCH2			Stage	-8	-7	-6	-5	-4	-3	-2	-1	-0.5	0	0.5	1	1.5	2	3	4	5	6	7	8	9	10	11	12	13	14	15	
P-SCH2			C 	0	0	0	0	0	0	0	0	0	0	10.59	18.43	22.98	30.06	36.76	38.04	43.89	50	50	50	50	50	59.56	72.33	96.33	100	100	
P-SCH2			CTL	0	0	0	0	0	0	0	0	0	0	0.3	2.62	5.52	10.92	16.93	20.92	26.86	32.7	41.3	44.2	49.79	49.79	49.79	66.11	79.86	89.93	100	
P-SCH2			CTU	0	0	0	0	0	0	0	0	0	0.76	21.44	39.1	42.8	45.15	53.79	53.79	57.16	59.47	59.47	65.68	65.68	75.16	80.32	88.53	100	100	100	
P-SCH2			Struct	N		0.5		N		14		N	32	29		 	-901			
SFR1	Single Family Residential 1-story	RES	Stage	-8	-7	-6	-5	-4	-3	-2	-1	-0.5	0	0.5	1	1.5	2	3	4	5	6	7	8	9	10	11	12	13	14	15	
SFR1			S 	0	0	0	0	0	0	0	2.5	8	13.4	18.4	23.3	27.7	32.1	40.1	47.1	53.2	58.6	63.2	67.2	70.5	73.2	75.4	77.2	78.5	79.5	80.2	
SFR1			SN	0	0	0	0	0	0	0	2.7	2.35	2	1.8	1.6	1.6	1.6	1.8	1.9	2	2.1	2.2	2.3	2.4	2.7	3	3.3	3.7	4.1	4.5	
SFR1			Stage	-8	-7	-6	-5	-4	-3	-2	-1	-0.5	0	0.5	1	1.5	2	3	4	5	6	7	8	9	10	11	12	13	14	15	
SFR1			C 	0	0	0	0	0	0	0	2.4	5.3	8.1	10.7	13.3	15.6	17.9	22	25.7	28.8	31.5	33.8	35.7	37.2	38.4	39.2	39.7	40	40	40	
SFR1			CN	0	0	0	0	0	0	0	2.1	1.8	1.5	1.35	1.2	1.2	1.2	1.4	1.5	1.6	1.6	1.7	1.8	1.9	2.1	2.3	2.6	2.9	3.2	3.5	
SFR1			Struct	N		0.4		N		12		N	100	12		 	-901			
SFR2	Single Family Residential 2-story	RES	Stage	-8	-7	-6	-5	-4	-3	-2	-1	-0.5	0	0.5	1	1.5	2	3	4	5	6	7	8	9	10	11	12	13	14	15	
SFR2			S 	0	0	0	0	0	0	0	3	6.2	9.3	12.3	15.2	18.1	20.9	26.3	31.4	36.2	40.7	44.9	48.8	52.4	55.7	58.7	61.4	63.8	65.9	67.7	
SFR2			SN	0	0	0	0	0	0	0	4.1	3.75	3.4	3.2	3	2.9	2.8	2.9	3.2	3.4	3.7	3.9	4	4.1	4.2	4.2	4.2	4.2	4.3	4.6	
SFR2			Stage	-8	-7	-6	-5	-4	-3	-2	-1	-0.5	0	0.5	1	1.5	2	3	4	5	6	7	8	9	10	11	12	13	14	15	
SFR2			C 	0	0	0	0	0	0	0	1	3	5	6.9	8.7	10.5	12.2	15.5	18.5	21.3	23.9	26.3	28.4	30.3	32	33.4	34.7	35.6	36.4	36.9	
SFR2			CN	0	0	0	0	0	0	0	3.5	3.2	2.9	2.75	2.6	2.55	2.5	2.5	2.7	3	3.2	3.3	3.4	3.5	3.5	3.5	3.5	3.5	3.6	3.8	
SFR2			Struct	N		0.4		N		12		N	100	12		 	-901			
SFRB1	Single Family Residential 1-story W/Basement	RES	Stage	-8	-7	-6	-5	-4	-3	-2	-1	-0.5	0	0.5	1	1.5	2	3	4	5	6	7	8	9	10	11	12	13	14	15	
SFRB1			S 	0	0	0	0	5.2	9	13.8	19.4	22.5	25.5	28.8	32	35.4	38.7	45.5	52.2	58.6	64.5	69.8	74.2	77.7	80.1	81.1	81.1	81.1	81.1	81.1	
SFRB1			SN	0	0	0	0	0.91	0.88	0.85	0.83	0.84	0.85	0.91	0.96	1.05	1.14	1.37	1.63	1.89	2.14	2.35	2.52	2.66	2.77	2.88	2.88	2.88	2.88	2.88	
SFRB1			Stage	-8	-7	-6	-5	-4	-3	-2	-1	-0.5	0	0.5	1	1.5	2	3	4	5	6	7	8	9	10	11	12	13	14	15	
SFRB1			C 	0	0	0	0	5.7	8	10.5	13.2	14.6	16	17.5	18.9	20.4	21.8	24.7	27.4	30	32.4	34.5	36.3	37.7	38.6	39.1	39.1	39.1	39.1	39.1	
SFRB1			CN	0	0	0	0	0.78	0.76	0.74	0.72	0.73	0.74	0.79	0.83	0.91	0.98	1.17	1.39	1.6	1.81	1.99	2.13	2.25	2.35	2.45	2.45	2.45	2.45	2.45	
SFRB1			Struct	N		0.4		N		12		N	100	12		 	-901			
SFRB2	Single Family Residential 2-story W/Basement	RES	Stage	-8	-7	-6	-5	-4	-3	-2	-1	-0.5	0	0.5	1	1.5	2	3	4	5	6	7	8	9	10	11	12	13	14	15	
SFRB2			S 	0	0	0	0	4.7	7.2	10.2	13.9	15.9	17.9	20.1	22.3	24.7	27	31.9	36.9	41.9	46.9	51.8	56.4	60.8	64.8	68.4	71.4	73.7	75.4	76.4	
SFRB2			SN	0	0	0	0	1.66	1.56	1.47	1.37	1.35	1.32	1.34	1.35	1.43	1.5	1.75	2.04	2.34	2.63	2.89	3.13	3.38	3.71	4.22	5.02	6.19	7.79	9.84	
SFRB2			Stage	-8	-7	-6	-5	-4	-3	-2	-1	-0.5	0	0.5	1	1.5	2	3	4	5	6	7	8	9	10	11	12	13	14	15	
SFRB2			C 	0	0	0	0	5.2	6.8	8.4	10.1	11	11.9	12.9	13.8	14.8	15.7	17.7	19.8	22	24.3	26.7	29.1	31.7	34.4	37.2	40	43	46.1	49.3	
SFRB2			CN	0	0	0	0	1.37	1.29	1.21	1.13	1.11	1.09	1.1	1.11	1.17	1.23	1.43	1.67	1.92	2.15	2.36	2.56	2.76	3.04	3.46	4.12	5.08	6.39	8.08	
SFRB2			Struct	N		0.4		N		12		N	100	12		 	-901			
SFRBS	Single Family Residential Split-Level W/Basement	RES	Stage	-8	-7	-6	-5	-4	-3	-2	-1	-0.5	0	0.5	1	1.5	2	3	4	5	6	7	8	9	10	11	12	13	14	15	
SFRBS			S 	0	0	0	0	4.7	7.2	10.4	14.2	16.4	18.5	20.9	23.2	25.7	28.2	33.4	38.6	43.8	48.8	53.5	57.8	61.6	64.8	67.2	68.8	69.3	69.3	69.3	
SFRBS			SN	0	0	0	0	1.5	1.6	1.6	1.6	1.6	1.6	1.65	1.7	1.8	1.9	2.1	2.4	2.6	2.9	3.2	3.4	3.6	3.9	4.2	4.8	5.7	5.7	5.7	
SFRBS			Stage	-8	-7	-6	-5	-4	-3	-2	-1	-0.5	0	0.5	1	1.5	2	3	4	5	6	7	8	9	10	11	12	13	14	15	
SFRBS			C 	0	0	0	0	3.8	5.4	7.3	9.4	10.5	11.6	12.7	13.8	15	16.1	18.2	20.2	22.1	23.6	24.9	25.8	26.3	26.3	26.3	26.3	26.3	26.3	26.3	
SFRBS			CN	0	0	0	0	1	1.02	1.03	1.04	1.05	1.06	1.09	1.12	1.18	1.23	1.38	1.57	1.76	1.95	2.13	2.28	2.44	2.44	2.44	2.44	2.44	2.44	2.44	
SFRBS			Struct	N		0.4		N		12		N	100	12		 	-901			
SFRS	Single Family Residential Split-Level	RES	Stage	-8	-7	-6	-5	-4	-3	-2	-1	-0.5	0	0.5	1	1.5	2	3	4	5	6	7	8	9	10	11	12	13	14	15	
SFRS			S 	0	0	0	0	0	0	0	6.4	6.8	7.2	8.3	9.4	11.2	12.9	17.4	22.8	28.9	35.5	42.3	49.2	56.1	62.6	68.6	73.9	78.4	81.7	83.8	
SFRS			SN	0	0	0	0	0	0	0	2.9	2.5	2.1	2	1.9	1.9	1.9	2	2.2	2.4	2.7	3.2	3.8	4.5	5.3	6	6.7	7.4	7.9	8.3	
SFRS			Stage	-8	-7	-6	-5	-4	-3	-2	-1	-0.5	0	0.5	1	1.5	2	3	4	5	6	7	8	9	10	11	12	13	14	15	
SFRS			C 	0	0	0	0	0	0	0	2.2	2.6	2.9	3.8	4.7	6.1	7.5	11.1	15.3	20.1	25.2	30.5	35.7	40.9	45.8	50.2	54.1	57.2	59.4	60.5	
SFRS			CN	0	0	0	0	0	0	0	2.2	1.85	1.5	1.35	1.2	1.25	1.3	1.4	1.5	1.6	1.8	2.1	2.5	3	3.5	4.1	4.6	5	5.4	5.7	
SFRS			Struct	N		0.4		N		12		N	100	12		 	-901			